3
3
0.0000000000  611.6157225201  648.7500617289
611.6157225201  0.0000000000  743.8557967501
648.7500617289  743.8557967501  0.0000000000
4
0.0000000000  326.0008994586  503.1066076077  290.0250922998
326.0008994586  0.0000000000  225.1785728436  395.4019367384
503.1066076077  225.1785728436  0.0000000000  620.3945520632
290.0250922998  395.4019367384  620.3945520632  0.0000000000

10
0 55.1724568965 24.0208242989 57.2013985843 16.5529453572 20.6155281280 61.9112267686 35.1140997321 48.6621002423 34.4818792991
55.1724568965 0 41.4366987102 72.2495674727 52.3259018078 47.4236228055 17.0000000000 88.0056816347 49.0306026885 24.3515913237
24.0208242989 41.4366987102 0 73.4098086089 12.0415945787 34.6698716467 42.4499705535 58.4636639289 25.6320112359 17.0880074906
57.2013985843 72.2495674727 73.4098086089 0 72.1803297304 38.9486841883 88.1192374002 58.0086200490 98.1835016690 70.2637886823
16.5529453572 52.3259018078 12.0415945787 72.1803297304 0 33.6005952328 54.4518135602 48.2597140480 33.0151480384 28.3019433961
20.6155281280 47.4236228055 34.6698716467 38.9486841883 33.6005952328 0 59.2283715798 42.5205832509 59.9416382825 35.1283361405
61.9112267686 17.0000000000 42.4499705535 88.1192374002 54.4518135602 59.2283715798 0 96.6022774058 40.3112887414 27.4590604354
35.1140997321 88.0056816347 58.4636639289 58.0086200490 48.2597140480 42.5205832509 96.6022774058 0 81.0987052917 69.3541635375
48.6621002423 49.0306026885 25.6320112359 98.1835016690 33.0151480384 59.9416382825 40.3112887414 81.0987052917 0 30.8058436014
34.4818792991 24.3515913237 17.0880074906 70.2637886823 28.3019433961 35.1283361405 27.4590604354 69.3541635375 30.8058436014 0
