4
3
0.0000000000  611.6157225201  648.7500617289
611.6157225201  0.0000000000  743.8557967501
648.7500617289  743.8557967501  0.0000000000
4
0.0000000000  326.0008994586  503.1066076077  290.0250922998
326.0008994586  0.0000000000  225.1785728436  395.4019367384
503.1066076077  225.1785728436  0.0000000000  620.3945520632
290.0250922998  395.4019367384  620.3945520632  0.0000000000

10
0 55.1724568965 24.0208242989 57.2013985843 16.5529453572 20.6155281280 61.9112267686 35.1140997321 48.6621002423 34.4818792991
55.1724568965 0 41.4366987102 72.2495674727 52.3259018078 47.4236228055 17.0000000000 88.0056816347 49.0306026885 24.3515913237
24.0208242989 41.4366987102 0 73.4098086089 12.0415945787 34.6698716467 42.4499705535 58.4636639289 25.6320112359 17.0880074906
57.2013985843 72.2495674727 73.4098086089 0 72.1803297304 38.9486841883 88.1192374002 58.0086200490 98.1835016690 70.2637886823
16.5529453572 52.3259018078 12.0415945787 72.1803297304 0 33.6005952328 54.4518135602 48.2597140480 33.0151480384 28.3019433961
20.6155281280 47.4236228055 34.6698716467 38.9486841883 33.6005952328 0 59.2283715798 42.5205832509 59.9416382825 35.1283361405
61.9112267686 17.0000000000 42.4499705535 88.1192374002 54.4518135602 59.2283715798 0 96.6022774058 40.3112887414 27.4590604354
35.1140997321 88.0056816347 58.4636639289 58.0086200490 48.2597140480 42.5205832509 96.6022774058 0 81.0987052917 69.3541635375
48.6621002423 49.0306026885 25.6320112359 98.1835016690 33.0151480384 59.9416382825 40.3112887414 81.0987052917 0 30.8058436014
34.4818792991 24.3515913237 17.0880074906 70.2637886823 28.3019433961 35.1283361405 27.4590604354 69.3541635375 30.8058436014 0

15
0 18.4390889145 76.5506368360 62.3618473106 52.1727898429 81.5659242576 53.8237865631 38.0788655293 61.2943716828 18.0277563773 75.5380698720 11.1803398874 66.7308024828 5.6568542494 59.0338885725 
18.4390889145 0 59.6657355607 66.0378679243 33.7342555868 65.8559033041 37.4833296279 19.6468827043 51.1957029446 36.4005494464 57.2188780036 17.4642491965 59.1354377678 23.4093998214 41.0487515035 
76.5506368360 59.6657355607 0 82.9759001156 33.6154726279 11.1803398874 22.8254244210 42.6380112106 37.0000000000 94.1541289588 34.7850542618 69.3181073024 46.9574275274 82.0975030070 40.3112887414 
62.3618473106 66.0378679243 82.9759001156 0 83.8152730712 79.3095202355 67.5425791630 74.2765104188 46.3896540189 66.0000000000 105.1903037356 52.5547333738 39.1152144312 65.3069674690 95.6033472217 
52.1727898429 33.7342555868 33.6154726279 83.8152730712 0 43.4165866921 21.1896201004 14.1421356237 48.3011387029 70.0927956355 24.0831891575 49.0000000000 59.5399025864 57.0087712549 12.0415945787 
81.5659242576 65.8559033041 11.1803398874 79.3095202355 43.4165866921 0 28.4253408071 50.6063237155 33.0151480384 98.6002028395 45.8802789878 73.2393336944 41.2310562561 87.2066511224 51.0881590977 
53.8237865631 37.4833296279 22.8254244210 67.5425791630 21.1896201004 28.4253408071 0 23.0867927612 27.4590604354 71.3442359269 38.0131556174 46.5188133984 38.8329756778 59.4053869611 32.6496554346 
38.0788655293 19.6468827043 42.6380112106 74.2765104188 14.1421356237 50.6063237155 23.0867927612 0 45.7055795281 56.0446250768 38.0000000000 35.0570962859 56.0446250768 43.0116263352 23.0867927612 
61.2943716828 51.1957029446 37.0000000000 46.3896540189 48.3011387029 33.0151480384 27.4590604354 45.7055795281 0 75.6042326857 64.3506021727 50.7740090991 11.4017542509 66.7308024828 60.0333240792 
18.0277563773 36.4005494464 94.1541289588 66.0000000000 70.0927956355 98.6002028395 71.3442359269 56.0446250768 75.6042326857 0 93.2148056909 25.4950975679 79.2590688817 13.1529464379 76.4198926981 
75.5380698720 57.2188780036 34.7850542618 105.1903037356 24.0831891575 45.8802789878 38.0131556174 38.0000000000 64.3506021727 93.2148056909 0 73.0273921210 75.6637297521 80.0624756049 17.4642491965 
11.1803398874 17.4642491965 69.3181073024 52.5547333738 49.0000000000 73.2393336944 46.5188133984 35.0570962859 50.7740090991 25.4950975679 73.0273921210 0 55.7135531087 16.1554944214 57.7061521850 
66.7308024828 59.1354377678 46.9574275274 39.1152144312 59.5399025864 41.2310562561 38.8329756778 56.0446250768 11.4017542509 79.2590688817 75.6637297521 55.7135531087 0 71.8679344353 71.3442359269 
5.6568542494 23.4093998214 82.0975030070 65.3069674690 57.0087712549 87.2066511224 59.4053869611 43.0116263352 66.7308024828 13.1529464379 80.0624756049 16.1554944214 71.8679344353 0 63.2850693291 
59.0338885725 41.0487515035 40.3112887414 95.6033472217 12.0415945787 51.0881590977 32.6496554346 23.0867927612 60.0333240792 76.4198926981 17.4642491965 57.7061521850 71.3442359269 63.2850693291 0 
